# Example city
# $ city_name horizontal_size (columns) vertical_size (rows)
$ Brussels 6 6
# name horizontal_green vertical_green ...
# traveltime_nord traveltime_east traveltime_south traveltime_west ...
# flow_nord flow_east flow_south flow_west ...
# capacity_street_nord capacity_street_east capacity_street_south capacity_street_west
# capacity_trafficlight_nord capacity_trafficlight_east capacity_trafficlight_south capacity_trafficlight_west
# (repeat for each column)
A1 3 2 8 8 8 8 4 4 4 4 20 20 20 20 20 20 20 20 B1 3 2 8 8 8 8 4 4 4 4 20 20 20 20 20 20 20 20 C1 2 3 4 8 4 8 4 4 4 4 20 20 20 20 20 20 20 20 D1 3 2 8 8 8 8 4 4 4 4 20 20 20 20 20 20 20 20 E1 3 2 8 8 8 8 4 4 4 4 20 20 20 20 20 20 20 20 F1 3 2 8 8 8 8 4 4 4 4 20 20 20 20 20 20 20 20
A2 3 2 8 8 8 8 4 4 4 4 20 20 20 20 20 20 20 20 B2 3 2 8 8 8 8 4 4 4 4 20 20 20 20 20 20 20 20 C2 2 3 4 8 4 8 4 4 4 4 20 20 20 20 20 20 20 20 D2 3 2 8 8 8 8 4 4 4 4 20 20 20 20 20 20 20 20 E2 3 2 8 8 8 8 4 4 4 4 20 20 20 20 20 20 20 20 F2 3 2 8 8 8 8 4 4 4 4 20 20 20 20 20 20 20 20
A3 3 2 8 4 8 4 4 4 4 4 20 20 20 20 20 20 20 20 B3 3 2 8 4 8 4 4 4 4 4 20 20 20 20 20 20 20 20 C3 3 3 4 4 4 4 4 4 4 4 20 20 20 20 20 20 20 20 D3 3 2 8 4 8 4 4 4 4 4 20 20 20 20 20 20 20 20 E3 3 2 8 4 8 4 4 4 4 4 20 20 20 20 20 20 20 20 F3 3 2 8 4 8 4 4 4 4 4 20 20 20 20 20 20 20 20
A4 3 2 8 8 8 8 4 4 4 4 20 20 20 20 20 20 20 20 B4 3 2 8 8 8 8 4 4 4 4 20 20 20 20 20 20 20 20 C4 2 3 4 8 4 8 4 4 4 4 20 20 20 20 20 20 20 20 D4 3 2 8 8 8 8 4 4 4 4 20 20 20 20 20 20 20 20 E4 3 2 8 8 8 8 4 4 4 4 20 20 20 20 20 20 20 20 F4 3 2 8 8 8 8 4 4 4 4 20 20 20 20 20 20 20 20
A5 3 2 8 8 8 8 4 4 4 4 20 20 20 20 20 20 20 20 B5 3 2 8 8 8 8 4 4 4 4 20 20 20 20 20 20 20 20 C5 2 3 4 8 4 8 4 4 4 4 20 20 20 20 20 20 20 20 D5 3 2 8 8 8 8 4 4 4 4 20 20 20 20 20 20 20 20 E5 3 2 8 8 8 8 4 4 4 4 20 20 20 20 20 20 20 20 F5 3 2 8 8 8 8 4 4 4 4 20 20 20 20 20 20 20 20
A6 3 2 8 8 8 8 4 4 4 4 20 20 20 20 20 20 20 20 B6 3 2 8 8 8 8 4 4 4 4 20 20 20 20 20 20 20 20 C6 2 3 4 8 4 8 4 4 4 4 20 20 20 20 20 20 20 20 D6 3 2 8 8 8 8 4 4 4 4 20 20 20 20 20 20 20 20 E6 3 2 8 8 8 8 4 4 4 4 20 20 20 20 20 20 20 20 F6 3 2 8 8 8 8 4 4 4 4 20 20 20 20 20 20 20 20
# Roadworks
# @ from to
@ E3 F3